<center><h1> PARÂMETROS </h1></center><hr /><table border rules = all>
<tr>
<td><b>Simbolos</b></td> <td><b>   B01    </b></td>  <td><b>   B02    </b></td>  <td><b>   B03    </b></td>  <td><b>   B11    </b></td>  <td><b>   B12    </b></td>  <td><b>   B13    </b></td>  <td><b>    C1    </b></td>  <td><b>    C2    </b></td>  <td><b>    C3    </b></td> 
</tr>
<tr>
<td><b>Estimativa</b></td> <td>9.940e-02 </td>  <td>1.960e+00 </td>  <td>-3.879e+00</td>  <td>7.142e-02 </td>  <td>2.096e+00 </td>  <td>7.480e+00 </td>  <td>-3.580e-03</td>  <td>-4.904e+00</td>  <td>4.408e+00 </td> 
</tr>
<tr>
<td><b>Variância</b></td><td>1.158e-05 </td> <td>2.271e-01 </td> <td>1.563e-01 </td> <td>1.339e-04 </td> <td>2.479e+00 </td> <td>1.697e+00 </td> <td>1.718e-07 </td> <td>3.590e-01 </td> <td>2.377e-01 </td> 
</tr>
<tr>
<td><b>Incerteza</b></td><td>3.403e-03 </td> <td>4.766e-01 </td> <td>3.953e-01 </td> <td>1.157e-02 </td> <td>1.575e+00 </td> <td>1.303e+00 </td> <td>4.145e-04 </td> <td>5.992e-01 </td> <td>4.875e-01 </td> 
</tr>
</table>

<h3>Matriz de covariância:</h3>
<table><tr><td> &#9484 </td><td> </td><td> </td><td> </td><td> </td><td> </td><td> </td><td> </td><td> </td><td> </td><td>  &#9488 </td> </tr>
 <tr><td> &#9474 </td><td> 1.158e-05  </td> <td> 5.123e-04  </td> <td> -8.280e-04 </td> <td> -3.828e-05 </td> <td> -1.731e-03 </td> <td> 2.720e-03  </td> <td> -1.392e-06 </td> <td> -5.461e-04 </td> <td> 9.660e-04  </td> <td> &#9474 </td> </tr>
 <tr><td> &#9474 </td><td> 5.123e-04  </td> <td> 2.271e-01  </td> <td> -1.553e-01 </td> <td> -1.650e-03 </td> <td> -7.250e-01 </td> <td> 4.887e-01  </td> <td> -5.896e-05 </td> <td> -2.808e-01 </td> <td> 1.958e-01  </td> <td> &#9474 </td> </tr>
 <tr><td> &#9474 </td><td> -8.280e-04 </td> <td> -1.553e-01 </td> <td> 1.563e-01  </td> <td> 2.691e-03  </td> <td> 4.971e-01  </td> <td> -4.942e-01 </td> <td> 9.763e-05  </td> <td> 1.904e-01  </td> <td> -1.889e-01 </td> <td> &#9474 </td> </tr>
 <tr><td> &#9474 </td><td> -3.828e-05 </td> <td> -1.650e-03 </td> <td> 2.691e-03  </td> <td> 1.339e-04  </td> <td> 6.165e-03  </td> <td> -9.555e-03 </td> <td> 4.466e-06  </td> <td> 1.660e-03  </td> <td> -3.015e-03 </td> <td> &#9474 </td> </tr>
 <tr><td> &#9474 </td><td> -1.731e-03 </td> <td> -7.250e-01 </td> <td> 4.971e-01  </td> <td> 6.165e-03  </td> <td> 2.479e+00  </td> <td> -1.682e+00 </td> <td> 1.902e-04  </td> <td> 8.639e-01  </td> <td> -6.024e-01 </td> <td> &#9474 </td> </tr>
 <tr><td> &#9474 </td><td> 2.720e-03  </td> <td> 4.887e-01  </td> <td> -4.942e-01 </td> <td> -9.555e-03 </td> <td> -1.682e+00 </td> <td> 1.697e+00  </td> <td> -3.089e-04 </td> <td> -5.754e-01 </td> <td> 5.734e-01  </td> <td> &#9474 </td> </tr>
 <tr><td> &#9474 </td><td> -1.392e-06 </td> <td> -5.896e-05 </td> <td> 9.763e-05  </td> <td> 4.466e-06  </td> <td> 1.902e-04  </td> <td> -3.089e-04 </td> <td> 1.718e-07  </td> <td> 6.526e-05  </td> <td> -1.179e-04 </td> <td> &#9474 </td> </tr>
 <tr><td> &#9474 </td><td> -5.461e-04 </td> <td> -2.808e-01 </td> <td> 1.904e-01  </td> <td> 1.660e-03  </td> <td> 8.639e-01  </td> <td> -5.754e-01 </td> <td> 6.526e-05  </td> <td> 3.590e-01  </td> <td> -2.488e-01 </td> <td> &#9474 </td> </tr>
 <tr><td> &#9474 </td><td> 9.660e-04  </td> <td> 1.958e-01  </td> <td> -1.889e-01 </td> <td> -3.015e-03 </td> <td> -6.024e-01 </td> <td> 5.734e-01  </td> <td> -1.179e-04 </td> <td> -2.488e-01 </td> <td> 2.377e-01  </td> <td> &#9474 </td> </tr>
<tr><td> &#9492 </td><td> </td><td> </td><td> </td><td> </td><td> </td><td> </td><td> </td><td> </td><td> </td><td>  &#9496 </td> </tr>
</table>
<h3>Matriz de correlação:</h3>
<table><tr><td> &#9484 </td><td> </td><td> </td><td> </td><td> </td><td> </td><td> </td><td> </td><td> </td><td> </td><td>  &#9488 </td> </tr>
 <tr><td> &#9474 </td><td> 1.000e+00  </td> <td> 3.159e-01  </td> <td> -6.155e-01 </td> <td> -9.720e-01 </td> <td> -3.229e-01 </td> <td> 6.136e-01  </td> <td> -9.869e-01 </td> <td> -2.678e-01 </td> <td> 5.822e-01  </td> <td> &#9474 </td> </tr>
 <tr><td> &#9474 </td><td> 3.159e-01  </td> <td> 1.000e+00  </td> <td> -8.241e-01 </td> <td> -2.991e-01 </td> <td> -9.662e-01 </td> <td> 7.873e-01  </td> <td> -2.985e-01 </td> <td> -9.835e-01 </td> <td> 8.427e-01  </td> <td> &#9474 </td> </tr>
 <tr><td> &#9474 </td><td> -6.155e-01 </td> <td> -8.241e-01 </td> <td> 1.000e+00  </td> <td> 5.883e-01  </td> <td> 7.986e-01  </td> <td> -9.596e-01 </td> <td> 5.958e-01  </td> <td> 8.037e-01  </td> <td> -9.800e-01 </td> <td> &#9474 </td> </tr>
 <tr><td> &#9474 </td><td> -9.720e-01 </td> <td> -2.991e-01 </td> <td> 5.883e-01  </td> <td> 1.000e+00  </td> <td> 3.383e-01  </td> <td> -6.338e-01 </td> <td> 9.311e-01  </td> <td> 2.394e-01  </td> <td> -5.344e-01 </td> <td> &#9474 </td> </tr>
 <tr><td> &#9474 </td><td> -3.229e-01 </td> <td> -9.662e-01 </td> <td> 7.986e-01  </td> <td> 3.383e-01  </td> <td> 1.000e+00  </td> <td> -8.203e-01 </td> <td> 2.914e-01  </td> <td> 9.156e-01  </td> <td> -7.848e-01 </td> <td> &#9474 </td> </tr>
 <tr><td> &#9474 </td><td> 6.136e-01  </td> <td> 7.873e-01  </td> <td> -9.596e-01 </td> <td> -6.338e-01 </td> <td> -8.203e-01 </td> <td> 1.000e+00  </td> <td> -5.721e-01 </td> <td> -7.371e-01 </td> <td> 9.029e-01  </td> <td> &#9474 </td> </tr>
 <tr><td> &#9474 </td><td> -9.869e-01 </td> <td> -2.985e-01 </td> <td> 5.958e-01  </td> <td> 9.311e-01  </td> <td> 2.914e-01  </td> <td> -5.721e-01 </td> <td> 1.000e+00  </td> <td> 2.628e-01  </td> <td> -5.835e-01 </td> <td> &#9474 </td> </tr>
 <tr><td> &#9474 </td><td> -2.678e-01 </td> <td> -9.835e-01 </td> <td> 8.037e-01  </td> <td> 2.394e-01  </td> <td> 9.156e-01  </td> <td> -7.371e-01 </td> <td> 2.628e-01  </td> <td> 1.000e+00  </td> <td> -8.518e-01 </td> <td> &#9474 </td> </tr>
 <tr><td> &#9474 </td><td> 5.822e-01  </td> <td> 8.427e-01  </td> <td> -9.800e-01 </td> <td> -5.344e-01 </td> <td> -7.848e-01 </td> <td> 9.029e-01  </td> <td> -5.835e-01 </td> <td> -8.518e-01 </td> <td> 1.000e+00  </td> <td> &#9474 </td> </tr>
<tr><td> &#9492 </td><td> </td><td> </td><td> </td><td> </td><td> </td><td> </td><td> </td><td> </td><td> </td><td>  &#9496 </td> </tr>
</table>

<p> Valor da função objetivo no ponto ótimo : 313 </p>
<h3>RESTRIÇÕES : </h3><table border rules = all>
<tr>
<td>Simbolos</td><td>   B01    </td><td>   B02    </td><td>   B03    </td><td>   B11    </td><td>   B12    </td><td>   B13    </td><td>    C1    </td><td>    C2    </td><td>    C3    </td>
</tr>
<tr>
<td>Limite superior</td><td>   N/A    </td><td>   N/A    </td><td>   N/A    </td><td>   N/A    </td><td>   N/A    </td><td>   N/A    </td><td>   N/A    </td><td>   N/A    </td><td>   N/A    </td>
</tr>
<tr>
<td>Limite inferior</td><td>   N/A    </td><td>   N/A    </td><td>   N/A    </td><td>   N/A    </td><td>   N/A    </td><td>   N/A    </td><td>   N/A    </td><td>   N/A    </td><td>   N/A    </td>
</table>
